3969001
2
4 2 0.4 0.02
5 0 0.4 0.02
0 46 0.63 0 22004
0 58 0.5 0 22004
0 46 0.5 22050 29354
0 58 0.5 22050 29354
0 46 0.5 29400 36704
0 58 0.5 29400 36704
0 70 0.5 0 44054
0 46 0.5 36750 44054
0 58 0.5 36750 44054
1 62 0.63 0 44054
0 70 0.5 58800 66104
0 46 0.5 44100 66104
0 58 0.5 44100 66104
1 62 0.63 58800 66104
0 70 0.5 66150 73454
0 46 0.5 66150 73454
0 58 0.5 66150 73454
1 62 0.63 66150 73454
0 70 0.5 73500 80804
0 46 0.5 73500 80804
0 58 0.5 73500 80804
1 62 0.63 73500 80804
0 70 0.5 80849 88154
0 46 0.5 80849 88154
0 58 0.5 80849 88154
1 62 0.63 80849 88154
1 46 0.5 80849 88154
0 70 0.5 88199 104691
1 60 0.63 88199 104691
0 68 0.5 104737 110204
0 44 0.63 88199 110204
0 56 0.5 88199 110204
1 60 0.63 104737 110204
0 44 0.5 110249 117554
0 56 0.5 110249 117554
0 44 0.5 117599 124904
0 56 0.5 117599 124904
0 70 0.5 110249 132254
0 44 0.5 124949 132254
0 56 0.5 124949 132254
1 60 0.63 110249 132254
0 70 0.5 146999 154304
0 44 0.5 132299 154304
0 56 0.5 132299 154304
1 60 0.63 146999 154304
0 70 0.5 154349 161654
0 44 0.5 154349 161654
0 56 0.5 154349 161654
1 60 0.63 154349 161654
0 70 0.5 161699 169004
0 44 0.5 161699 169004
0 56 0.5 161699 169004
1 60 0.63 161699 169004
0 70 0.5 169049 176354
0 44 0.5 169049 176354
0 56 0.5 169049 176354
1 60 0.63 169049 176354
1 44 0.5 169049 176354
0 70 0.5 176399 192891
1 61 0.63 176399 192891
0 68 0.5 192937 198404
0 42 0.63 176399 198404
0 54 0.5 176399 198404
1 61 0.63 192937 198404
0 42 0.5 198449 205754
0 54 0.5 198449 205754
0 42 0.5 205799 213104
0 54 0.5 205799 213104
0 70 0.5 198449 220454
0 42 0.5 213149 220454
0 54 0.5 213149 220454
1 61 0.63 198449 220454
0 70 0.5 235199 242504
0 42 0.5 220499 242504
0 54 0.5 220499 242504
1 61 0.63 235199 242504
0 70 0.5 242549 249854
0 42 0.5 242549 249854
0 54 0.5 242549 249854
1 61 0.63 242549 249854
0 70 0.5 249899 257204
0 42 0.5 249899 257204
0 54 0.5 249899 257204
1 61 0.63 249899 257204
0 70 0.5 257250 264554
0 42 0.5 257250 264554
0 54 0.5 257250 264554
1 61 0.63 257250 264554
1 42 0.5 257250 264554
0 70 0.5 264600 275579
1 62 0.63 264600 275579
0 65 0.5 275625 281091
1 57 0.63 275625 281091
0 65 0.5 281137 286604
0 41 0.63 264600 286604
0 53 0.5 264600 286604
1 57 0.63 281137 286604
0 65 0.5 286650 297629
1 57 0.63 286650 297629
0 65 0.5 297675 303141
1 57 0.63 297675 303141
0 65 0.5 303187 308654
0 41 0.5 286650 308654
0 53 0.5 286650 308654
1 57 0.63 303187 308654
0 65 0.5 308700 319679
1 57 0.63 308700 319679
0 65 0.5 319725 325191
1 57 0.63 319725 325191
0 65 0.5 325237 330704
0 41 0.5 308700 330704
0 53 0.5 308700 330704
1 57 0.63 325237 330704
0 65 0.5 330750 341729
0 43 0.5 330750 341729
0 55 0.5 330750 341729
1 57 0.63 330750 341729
0 65 0.5 341775 352754
0 45 0.5 341775 352754
0 57 0.63 341775 352754
1 57 0.63 341775 352754
1 41 0.5 308700 352754
0 70 0.5 352800 374804
0 46 0.63 352800 374804
0 58 0.5 352800 374804
1 62 0.63 352800 374804
0 46 0.5 374850 382154
0 58 0.5 374850 382154
1 62 0.63 374850 382154
0 46 0.5 382200 389504
0 58 0.5 382200 389504
1 62 0.63 382200 389504
0 44 0.5 389550 396854
0 56 0.5 389550 396854
1 60 0.63 389550 396854
0 65 0.5 374850 413391
1 62 0.63 396900 413391
0 70 0.5 413437 418904
0 46 0.5 396900 418904
0 58 0.5 396900 418904
1 62 0.63 413437 418904
0 70 0.5 418950 424416
1 62 0.63 418950 424416
0 72 0.5 424462 429929
1 63 0.63 424462 429929
0 74 0.5 429975 435441
1 65 0.63 429975 435441
0 75 0.5 435487 440954
0 46 0.5 418950 440954
0 58 0.5 418950 440954
1 67 0.63 435487 440954
1 46 0.5 418950 440954
1 68 0.63 441000 457491
0 44 0.63 441000 463004
0 56 0.5 441000 463004
1 70 0.63 457537 463004
1 70 0.63 463050 468516
0 44 0.5 463050 470354
0 56 0.5 463050 470354
1 72 0.63 468562 474029
0 44 0.5 470400 477704
0 56 0.5 470400 477704
1 74 0.63 474075 479541
0 77 0.5 441000 485054
0 42 0.5 477750 485054
0 54 0.5 477750 485054
1 75 0.63 479587 485054
0 77 0.5 496125 507104
0 44 0.5 485100 507104
0 56 0.5 485100 507104
1 77 0.5 496125 507104
0 77 0.5 507150 514454
1 68 0.63 507150 514454
0 78 0.5 514500 521804
1 70 0.63 514500 521804
0 80 0.5 521850 529154
0 44 0.5 507150 529154
0 56 0.5 507150 529154
1 72 0.63 521850 529154
1 44 0.5 507150 529154
1 73 0.63 529200 545691
0 42 0.63 529200 551204
0 54 0.5 529200 551204
1 66 0.63 545737 551204
1 66 0.63 551250 556716
0 42 0.5 551250 558554
0 54 0.5 551250 558554
1 68 0.63 556762 562229
0 42 0.5 558600 565904
0 54 0.5 558600 565904
1 70 0.63 562275 567741
0 82 0.5 529200 573254
0 40 0.5 565950 573254
0 52 0.5 565950 573254
1 72 0.63 567787 573254
1 73 0.63 573300 580604
0 82 0.5 580650 587954
0 82 0.5 588000 595304
0 42 0.5 573300 595304
0 54 0.5 573300 595304
1 73 0.63 588000 595304
0 82 0.5 595350 602654
1 73 0.63 595350 602654
0 80 0.5 602700 610004
1 72 0.63 602700 610004
0 78 0.5 610050 617354
0 42 0.5 595350 617354
0 54 0.5 595350 617354
1 70 0.63 610050 617354
1 42 0.5 595350 617354
0 80 0.5 617400 633891
1 71 0.63 617400 633891
0 78 0.5 633937 639404
0 49 0.63 617400 639404
0 61 0.5 617400 639404
1 68 0.63 633937 639404
0 49 0.5 639450 646754
0 61 0.5 639450 646754
1 68 0.63 639450 646754
0 49 0.5 646800 654104
0 61 0.5 646800 654104
1 68 0.63 646800 654104
0 48 0.5 654150 661454
0 60 0.5 654150 661454
1 66 0.63 654150 661454
1 68 0.63 661500 677991
0 77 0.5 639450 683504
0 49 0.5 661500 683504
0 61 0.5 661500 683504
1 68 0.63 678037 683504
1 68 0.63 683550 690854
1 66 0.63 690900 698204
0 77 0.5 683550 705554
0 49 0.5 683550 705554
0 61 0.5 683550 705554
1 68 0.63 698250 705554
1 49 0.5 683550 705554
0 75 0.5 705600 716579
1 66 0.63 705600 716579
0 75 0.5 716625 722091
1 66 0.63 716625 722091
0 77 0.5 722137 727604
0 47 0.63 705600 727604
0 59 0.5 705600 727604
1 65 0.63 722137 727604
0 47 0.5 727650 734954
0 59 0.5 727650 734954
1 66 0.63 727650 738629
0 47 0.5 735000 742304
0 59 0.5 735000 742304
1 66 0.63 738675 744141
0 46 0.5 742350 749654
0 58 0.5 742350 749654
1 68 0.63 744187 749654
0 78 0.5 727650 771704
0 47 0.5 749700 771704
0 59 0.5 749700 771704
1 70 0.63 749700 771704
0 47 0.5 771750 779054
0 59 0.5 771750 779054
0 77 0.5 771750 782729
1 68 0.63 771750 782729
0 47 0.5 779100 786404
0 59 0.5 779100 786404
0 75 0.5 782775 793754
0 47 0.5 786450 793754
0 59 0.5 786450 793754
1 66 0.63 782775 793754
1 47 0.5 786450 793754
0 73 0.5 793800 804779
1 65 0.63 793800 804779
0 73 0.5 804825 810291
1 65 0.63 804825 810291
0 75 0.5 810337 815804
0 46 0.63 793800 815804
0 58 0.5 793800 815804
1 63 0.63 810337 815804
0 46 0.5 815850 823154
0 58 0.5 815850 823154
1 65 0.63 815850 826829
0 46 0.5 823200 830504
0 58 0.5 823200 830504
1 65 0.63 826875 832341
0 44 0.5 830550 837854
0 56 0.5 830550 837854
1 66 0.63 832387 837854
0 77 0.5 815850 859904
0 46 0.5 837900 859904
0 58 0.5 837900 859904
1 68 0.63 837900 859904
0 46 0.5 859950 867254
0 58 0.5 859950 867254
0 75 0.5 859950 870929
1 66 0.63 859950 870929
0 46 0.5 867300 874604
0 58 0.5 867300 874604
0 73 0.5 870975 881954
0 46 0.5 874650 881954
0 58 0.5 874650 881954
1 65 0.63 870975 881954
1 46 0.5 874650 881954
0 72 0.5 882000 892979
0 72 0.5 893025 898491
0 74 0.5 898537 904004
0 48 0.63 882000 904004
0 60 0.5 882000 904004
1 64 0.63 882000 904004
0 48 0.5 904050 911354
0 60 0.5 904050 911354
1 64 0.63 904050 915029
0 48 0.5 911399 918704
0 60 0.5 911399 918704
1 64 0.63 915074 920541
0 47 0.5 918749 926054
0 59 0.5 918749 926054
1 65 0.63 920587 926054
1 67 0.63 926099 937079
1 67 0.63 937124 942591
0 76 0.5 904050 948104
0 48 0.5 926099 948104
0 60 0.5 926099 948104
1 69 0.63 942637 948104
0 48 0.5 948149 955454
0 60 0.5 948149 955454
1 70 0.63 948149 959129
0 48 0.5 955499 962804
0 60 0.5 955499 962804
0 79 0.5 948149 970154
0 48 0.5 962849 970154
0 60 0.5 962849 970154
1 72 0.63 959174 970154
1 48 0.5 962849 970154
0 77 0.5 970199 981179
1 69 0.63 970199 981179
0 65 0.5 981224 986691
1 57 0.63 981224 986691
0 65 0.5 986737 992204
0 41 0.63 970199 992204
0 53 0.5 970199 992204
1 57 0.63 986737 992204
0 65 0.5 992249 1003229
1 57 0.63 992249 1003229
0 65 0.5 1003274 1008741
1 57 0.63 1003274 1008741
0 65 0.5 1008787 1014254
0 41 0.5 992249 1014254
0 53 0.5 992249 1014254
1 57 0.63 1008787 1014254
0 65 0.5 1014299 1025279
1 57 0.63 1014299 1025279
0 65 0.5 1025324 1030791
1 57 0.63 1025324 1030791
0 65 0.5 1030837 1036304
0 41 0.5 1014299 1036304
0 53 0.5 1014299 1036304
1 57 0.63 1030837 1036304
0 65 0.5 1036349 1047329
0 43 0.5 1036349 1047329
0 55 0.5 1036349 1047329
1 57 0.63 1036349 1047329
0 65 0.5 1047374 1058354
0 45 0.5 1047374 1058354
0 57 0.63 1047374 1058354
1 57 0.63 1047374 1058354
1 41 0.5 1014299 1058354
0 70 0.5 1058399 1080404
0 46 0.63 1058399 1080404
0 58 0.5 1058399 1080404
1 62 0.63 1058399 1080404
0 46 0.5 1080449 1087754
0 58 0.5 1080449 1087754
1 62 0.63 1080449 1087754
0 46 0.5 1087799 1095104
0 58 0.5 1087799 1095104
1 62 0.63 1087799 1095104
0 44 0.5 1095149 1102454
0 56 0.5 1095149 1102454
1 60 0.63 1095149 1102454
0 65 0.5 1080449 1118991
1 62 0.63 1102499 1118991
0 70 0.5 1119037 1124504
0 46 0.5 1102499 1124504
0 58 0.5 1102499 1124504
1 62 0.63 1119037 1124504
0 70 0.5 1124549 1130016
1 62 0.63 1124549 1130016
0 72 0.5 1130062 1135529
1 63 0.63 1130062 1135529
0 74 0.5 1135574 1141041
1 65 0.63 1135574 1141041
0 75 0.5 1141087 1146554
0 46 0.5 1124549 1146554
0 58 0.5 1124549 1146554
1 67 0.63 1141087 1146554
1 46 0.5 1124549 1146554
1 68 0.63 1146599 1163091
0 44 0.63 1146599 1168604
0 56 0.5 1146599 1168604
1 70 0.63 1163137 1168604
1 70 0.63 1168649 1174116
0 44 0.5 1168649 1175954
0 56 0.5 1168649 1175954
1 72 0.63 1174162 1179629
0 44 0.5 1175999 1183304
0 56 0.5 1175999 1183304
1 74 0.63 1179674 1185141
0 77 0.5 1146599 1190654
0 42 0.5 1183349 1190654
0 54 0.5 1183349 1190654
1 75 0.63 1185187 1190654
0 77 0.5 1201724 1212704
0 44 0.5 1190699 1212704
0 56 0.5 1190699 1212704
1 77 0.5 1201724 1212704
0 77 0.5 1212749 1220054
1 68 0.63 1212749 1220054
0 78 0.5 1220099 1227404
1 70 0.63 1220099 1227404
0 80 0.5 1227449 1234754
0 44 0.5 1212749 1234754
0 56 0.5 1212749 1234754
1 72 0.63 1227449 1234754
1 44 0.5 1212749 1234754
0 42 0.63 1234799 1256804
0 54 0.5 1234799 1256804
0 42 0.5 1256849 1264154
0 54 0.5 1256849 1264154
0 42 0.5 1264199 1271504
0 54 0.5 1264199 1271504
0 82 0.5 1234799 1278854
0 40 0.5 1271549 1278854
0 52 0.5 1271549 1278854
1 73 0.63 1234799 1278854
0 42 0.5 1278899 1300904
0 54 0.5 1278899 1300904
0 85 0.5 1300949 1322954
0 42 0.5 1300949 1322954
0 54 0.5 1300949 1322954
1 76 0.63 1300949 1322954
1 79 0.63 1300949 1322954
1 42 0.5 1300949 1322954
0 84 0.5 1322999 1345004
0 41 0.63 1322999 1345004
0 53 0.5 1322999 1345004
1 75 0.63 1322999 1345004
1 77 0.63 1322999 1345004
0 41 0.5 1345049 1352354
0 53 0.5 1345049 1352354
0 41 0.5 1352399 1359704
0 53 0.5 1352399 1359704
0 81 0.5 1345049 1367054
0 39 0.5 1359749 1367054
0 51 0.5 1359749 1367054
1 72 0.63 1345049 1367054
1 75 0.63 1345049 1367054
0 41 0.5 1367099 1389104
0 53 0.5 1367099 1389104
0 77 0.5 1389149 1411154
0 41 0.5 1389149 1411154
0 53 0.5 1389149 1411154
1 69 0.63 1389149 1411154
1 72 0.63 1389149 1411154
1 41 0.5 1389149 1411154
0 40 0.63 1411199 1418504
0 46 0.5 1418549 1425854
0 49 0.5 1425899 1433204
0 52 0.5 1433249 1440554
0 58 0.5 1440599 1447904
0 78 0.63 1411199 1455254
0 61 0.5 1447949 1455254
1 70 0.63 1411199 1455254
1 78 0.63 1411199 1455254
0 64 0.5 1455299 1477304
0 82 0.5 1477349 1499354
1 72 0.63 1477349 1499354
1 75 0.63 1477349 1499354
1 78 0.63 1477349 1499354
1 40 0.63 1411199 1499354
0 81 0.5 1499399 1521404
0 53 0.63 1499399 1521404
0 65 0.5 1499399 1521404
1 72 0.63 1499399 1521404
1 77 0.63 1499399 1521404
0 41 0.5 1521449 1528754
0 53 0.5 1521449 1528754
0 41 0.5 1528799 1536104
0 53 0.5 1528799 1536104
0 77 0.5 1521449 1543454
0 41 0.5 1536149 1543454
0 53 0.5 1536149 1543454
1 69 0.63 1521449 1543454
1 72 0.63 1521449 1543454
0 41 0.5 1543499 1565504
0 53 0.5 1543499 1565504
0 77 0.5 1565549 1587554
1 69 0.63 1565549 1587554
1 72 0.63 1565549 1587554
1 53 0.5 1543499 1587554
0 40 0.63 1587599 1594904
0 46 0.5 1594949 1602254
0 49 0.5 1602299 1609604
0 52 0.5 1609649 1616954
0 58 0.5 1616999 1624304
0 78 0.63 1587599 1631654
0 61 0.5 1624349 1631654
1 70 0.63 1587599 1631654
1 78 0.63 1587599 1631654
0 64 0.5 1631699 1653704
0 82 0.5 1653749 1675754
1 72 0.63 1653749 1675754
1 75 0.63 1653749 1675754
1 78 0.63 1653749 1675754
1 40 0.63 1587599 1675754
0 81 0.5 1675799 1697804
0 53 0.63 1675799 1697804
0 65 0.5 1675799 1697804
1 72 0.63 1675799 1697804
1 77 0.63 1675799 1697804
0 41 0.5 1697849 1705154
0 53 0.5 1697849 1705154
0 41 0.5 1705199 1712504
0 53 0.5 1705199 1712504
0 77 0.5 1697849 1719854
0 41 0.5 1712549 1719854
0 53 0.5 1712549 1719854
1 69 0.63 1697849 1719854
1 72 0.63 1697849 1719854
0 41 0.5 1719899 1741904
0 53 0.5 1719899 1741904
0 74 0.5 1741949 1763954
1 69 0.63 1741949 1763954
1 72 0.63 1741949 1763954
1 53 0.5 1719899 1763954
0 47 0.63 1763999 1786004
0 59 0.5 1763999 1786004
0 47 0.5 1786049 1793354
0 59 0.5 1786049 1793354
0 47 0.5 1793399 1800704
0 59 0.5 1793399 1800704
0 75 0.63 1763999 1808054
0 46 0.5 1800749 1808054
0 58 0.5 1800749 1808054
1 66 0.63 1763999 1808054
1 75 0.63 1763999 1808054
0 47 0.5 1808099 1830104
0 59 0.5 1808099 1830104
0 47 0.5 1830149 1837454
0 59 0.5 1830149 1837454
0 47 0.5 1837499 1844804
0 59 0.5 1837499 1844804
0 78 0.5 1830149 1852154
0 47 0.5 1844849 1852154
0 59 0.5 1844849 1852154
1 71 0.63 1830149 1852154
1 75 0.63 1830149 1852154
1 47 0.5 1844849 1852154
0 77 0.5 1852199 1874204
0 46 0.63 1852199 1874204
0 58 0.5 1852199 1874204
1 70 0.63 1852199 1874204
1 74 0.63 1852199 1874204
0 46 0.5 1874249 1881554
0 58 0.5 1874249 1881554
0 46 0.5 1881599 1888904
0 58 0.5 1881599 1888904
0 73 0.63 1874249 1896254
0 44 0.5 1888949 1896254
0 56 0.5 1888949 1896254
1 65 0.63 1874249 1896254
1 73 0.63 1874249 1896254
0 46 0.5 1896299 1918304
0 58 0.5 1896299 1918304
0 46 0.5 1918349 1925654
0 58 0.5 1918349 1925654
0 46 0.5 1925699 1933004
0 58 0.5 1925699 1933004
0 70 0.5 1918349 1940354
0 46 0.5 1933049 1940354
0 58 0.5 1933049 1940354
1 61 0.63 1918349 1940354
1 65 0.63 1918349 1940354
1 46 0.5 1933049 1940354
0 72 0.63 1940399 1951379
0 72 0.5 1951424 1956891
0 74 0.5 1956937 1962404
0 48 0.63 1940399 1962404
0 60 0.5 1940399 1962404
1 64 0.63 1940399 1962404
1 72 0.5 1951424 1962404
0 48 0.5 1962449 1969754
0 60 0.5 1962449 1969754
1 64 0.63 1962449 1973429
0 48 0.5 1969799 1977104
0 60 0.5 1969799 1977104
1 64 0.63 1973474 1978941
0 76 0.5 1962449 1984454
0 47 0.5 1977149 1984454
0 59 0.5 1977149 1984454
1 65 0.63 1978987 1984454
1 67 0.63 1984499 1995479
1 67 0.63 1995524 2000991
0 48 0.5 1984499 2006504
0 60 0.5 1984499 2006504
1 69 0.63 2001037 2006504
0 48 0.5 2006549 2013854
0 60 0.5 2006549 2013854
1 70 0.63 2006549 2017529
0 48 0.5 2013899 2021204
0 60 0.5 2013899 2021204
0 79 0.5 2006549 2028554
0 48 0.5 2021249 2028554
0 60 0.5 2021249 2028554
1 72 0.63 2017574 2028554
1 48 0.5 2021249 2028554
0 77 0.5 2028599 2039579
1 69 0.63 2028599 2039579
0 65 0.5 2039624 2045091
1 57 0.63 2039624 2045091
0 65 0.5 2045137 2050604
0 41 0.63 2028599 2050604
0 53 0.5 2028599 2050604
1 57 0.63 2045137 2050604
0 65 0.5 2050649 2061629
1 57 0.63 2050649 2061629
0 65 0.5 2061674 2067141
1 57 0.63 2061674 2067141
0 65 0.5 2067187 2072654
0 41 0.5 2050649 2072654
0 53 0.5 2050649 2072654
1 57 0.63 2067187 2072654
0 65 0.5 2072699 2083679
1 57 0.63 2072699 2083679
0 65 0.5 2083724 2089191
1 57 0.63 2083724 2089191
0 65 0.5 2089237 2094704
0 41 0.5 2072699 2094704
0 53 0.5 2072699 2094704
1 57 0.63 2089237 2094704
0 65 0.5 2094749 2105729
0 43 0.5 2094749 2105729
0 55 0.5 2094749 2105729
1 57 0.63 2094749 2105729
0 65 0.5 2105774 2116754
0 45 0.5 2105774 2116754
0 57 0.63 2105774 2116754
1 57 0.63 2105774 2116754
1 41 0.5 2072699 2116754
0 70 0.5 2116799 2138804
0 46 0.63 2116799 2138804
0 58 0.5 2116799 2138804
1 62 0.63 2116799 2138804
0 46 0.5 2138849 2146154
0 58 0.5 2138849 2146154
1 62 0.63 2138849 2146154
0 46 0.5 2146199 2153504
0 58 0.5 2146199 2153504
1 62 0.63 2146199 2153504
0 44 0.5 2153549 2160854
0 56 0.5 2153549 2160854
1 60 0.63 2153549 2160854
0 65 0.5 2138849 2177391
1 62 0.63 2160899 2177391
0 70 0.5 2177437 2182904
0 46 0.5 2160899 2182904
0 58 0.5 2160899 2182904
1 62 0.63 2177437 2182904
0 70 0.5 2182949 2188416
1 62 0.63 2182949 2188416
0 72 0.5 2188462 2193929
1 63 0.63 2188462 2193929
0 74 0.5 2193974 2199441
1 65 0.63 2193974 2199441
0 75 0.5 2199487 2204954
0 46 0.5 2182949 2204954
0 58 0.5 2182949 2204954
1 67 0.63 2199487 2204954
1 46 0.5 2182949 2204954
1 68 0.63 2204999 2221491
0 44 0.63 2204999 2227004
0 56 0.5 2204999 2227004
1 70 0.63 2221537 2227004
1 70 0.63 2227049 2232516
0 44 0.5 2227049 2234354
0 56 0.5 2227049 2234354
1 72 0.63 2232562 2238029
0 44 0.5 2234399 2241704
0 56 0.5 2234399 2241704
1 74 0.63 2238074 2243541
0 77 0.5 2204999 2249054
0 42 0.5 2241749 2249054
0 54 0.5 2241749 2249054
1 75 0.63 2243587 2249054
0 77 0.5 2260124 2271104
0 44 0.5 2249099 2271104
0 56 0.5 2249099 2271104
1 77 0.5 2260124 2271104
0 77 0.5 2271149 2278454
1 68 0.63 2271149 2278454
0 78 0.5 2278499 2285804
1 70 0.63 2278499 2285804
0 80 0.5 2285849 2293154
0 44 0.5 2271149 2293154
0 56 0.5 2271149 2293154
1 72 0.63 2285849 2293154
1 44 0.5 2271149 2293154
1 73 0.63 2293199 2309691
0 42 0.63 2293199 2315204
0 54 0.5 2293199 2315204
1 66 0.63 2309737 2315204
1 66 0.63 2315249 2320716
0 42 0.5 2315249 2322554
0 54 0.5 2315249 2322554
1 68 0.63 2320762 2326229
0 42 0.5 2322599 2329904
0 54 0.5 2322599 2329904
1 70 0.63 2326274 2331741
0 82 0.5 2293199 2337254
0 40 0.5 2329949 2337254
0 52 0.5 2329949 2337254
1 72 0.63 2331787 2337254
1 73 0.63 2337299 2344604
0 82 0.5 2344649 2351954
0 82 0.5 2351999 2359304
0 42 0.5 2337299 2359304
0 54 0.5 2337299 2359304
1 73 0.63 2351999 2359304
0 82 0.5 2359349 2366654
1 73 0.63 2359349 2366654
0 80 0.5 2366699 2374004
1 72 0.63 2366699 2374004
0 78 0.5 2374049 2381354
0 42 0.5 2359349 2381354
0 54 0.5 2359349 2381354
1 70 0.63 2374049 2381354
1 42 0.5 2359349 2381354
0 80 0.5 2381399 2397891
1 71 0.63 2381399 2397891
0 78 0.5 2397937 2403404
0 49 0.63 2381399 2403404
0 61 0.5 2381399 2403404
1 68 0.63 2397937 2403404
0 49 0.5 2403449 2410754
0 61 0.5 2403449 2410754
1 68 0.63 2403449 2410754
0 49 0.5 2410799 2418104
0 61 0.5 2410799 2418104
1 68 0.63 2410799 2418104
0 48 0.5 2418149 2425454
0 60 0.5 2418149 2425454
1 66 0.63 2418149 2425454
1 68 0.63 2425499 2441991
0 77 0.5 2403449 2447504
0 49 0.5 2425499 2447504
0 61 0.5 2425499 2447504
1 68 0.63 2442037 2447504
1 68 0.63 2447549 2454854
1 66 0.63 2454899 2462204
0 77 0.5 2447549 2469554
0 49 0.5 2447549 2469554
0 61 0.5 2447549 2469554
1 68 0.63 2462249 2469554
1 49 0.5 2447549 2469554
0 75 0.5 2469599 2480579
1 66 0.63 2469599 2480579
0 75 0.5 2480624 2486091
1 66 0.63 2480624 2486091
0 77 0.5 2486137 2491604
0 47 0.63 2469599 2491604
0 59 0.5 2469599 2491604
1 65 0.63 2486137 2491604
0 47 0.5 2491649 2498954
0 59 0.5 2491649 2498954
1 66 0.63 2491649 2502629
0 47 0.5 2498999 2506304
0 59 0.5 2498999 2506304
1 66 0.63 2502674 2508141
0 46 0.5 2506349 2513654
0 58 0.5 2506349 2513654
1 68 0.63 2508187 2513654
0 78 0.5 2491649 2535704
0 47 0.5 2513699 2535704
0 59 0.5 2513699 2535704
1 70 0.63 2513699 2535704
0 47 0.5 2535749 2543054
0 59 0.5 2535749 2543054
0 77 0.5 2535749 2546729
1 68 0.63 2535749 2546729
0 47 0.5 2543099 2550404
0 59 0.5 2543099 2550404
0 75 0.5 2546774 2557754
0 47 0.5 2550449 2557754
0 59 0.5 2550449 2557754
1 66 0.63 2546774 2557754
1 47 0.5 2550449 2557754
0 73 0.5 2557799 2568779
1 65 0.63 2557799 2568779
0 73 0.5 2568824 2574291
1 65 0.63 2568824 2574291
0 75 0.5 2574337 2579804
0 46 0.63 2557799 2579804
0 58 0.5 2557799 2579804
1 63 0.63 2574337 2579804
0 46 0.5 2579849 2587154
0 58 0.5 2579849 2587154
1 65 0.63 2579849 2590829
0 46 0.5 2587199 2594504
0 58 0.5 2587199 2594504
1 65 0.63 2590874 2596341
0 44 0.5 2594549 2601854
0 56 0.5 2594549 2601854
1 66 0.63 2596387 2601854
0 77 0.5 2579849 2623904
0 46 0.5 2601899 2623904
0 58 0.5 2601899 2623904
1 68 0.63 2601899 2623904
0 46 0.5 2623949 2631254
0 58 0.5 2623949 2631254
0 75 0.5 2623949 2634929
1 66 0.63 2623949 2634929
0 46 0.5 2631299 2638604
0 58 0.5 2631299 2638604
0 73 0.5 2634974 2645954
0 46 0.5 2638649 2645954
0 58 0.5 2638649 2645954
1 65 0.63 2634974 2645954
1 46 0.5 2638649 2645954
0 72 0.5 2645999 2656979
0 72 0.5 2657024 2662491
0 74 0.5 2662537 2668004
0 48 0.63 2645999 2668004
0 60 0.5 2645999 2668004
1 64 0.63 2645999 2668004
0 48 0.5 2668049 2675354
0 60 0.5 2668049 2675354
1 64 0.63 2668049 2679029
0 48 0.5 2675399 2682704
0 60 0.5 2675399 2682704
1 64 0.63 2679074 2684541
0 47 0.5 2682749 2690054
0 59 0.5 2682749 2690054
1 65 0.63 2684587 2690054
1 67 0.63 2690099 2701079
1 67 0.63 2701124 2706591
0 76 0.5 2668049 2712104
0 48 0.5 2690099 2712104
0 60 0.5 2690099 2712104
1 69 0.63 2706637 2712104
0 48 0.5 2712149 2719454
0 60 0.5 2712149 2719454
1 70 0.63 2712149 2723129
0 48 0.5 2719499 2726804
0 60 0.5 2719499 2726804
0 79 0.5 2712149 2734154
0 48 0.5 2726849 2734154
0 60 0.5 2726849 2734154
1 72 0.63 2723174 2734154
1 48 0.5 2726849 2734154
0 77 0.5 2734199 2745179
1 69 0.63 2734199 2745179
0 65 0.5 2745224 2750691
1 57 0.63 2745224 2750691
0 65 0.5 2750737 2756204
0 41 0.63 2734199 2756204
0 53 0.5 2734199 2756204
1 57 0.63 2750737 2756204
0 65 0.5 2756249 2767229
1 57 0.63 2756249 2767229
0 65 0.5 2767274 2772741
1 57 0.63 2767274 2772741
0 65 0.5 2772787 2778254
0 41 0.5 2756249 2778254
0 53 0.5 2756249 2778254
1 57 0.63 2772787 2778254
0 65 0.5 2778299 2789279
1 57 0.63 2778299 2789279
0 65 0.5 2789324 2794791
1 57 0.63 2789324 2794791
0 65 0.5 2794837 2800304
0 41 0.5 2778299 2800304
0 53 0.5 2778299 2800304
1 57 0.63 2794837 2800304
0 65 0.5 2800349 2811329
0 43 0.5 2800349 2811329
0 55 0.5 2800349 2811329
1 57 0.63 2800349 2811329
0 65 0.5 2811374 2822354
0 45 0.5 2811374 2822354
0 57 0.63 2811374 2822354
1 57 0.63 2811374 2822354
1 41 0.5 2778299 2822354
0 70 0.5 2822399 2844404
0 46 0.63 2822399 2844404
0 58 0.5 2822399 2844404
1 62 0.63 2822399 2844404
0 46 0.5 2844449 2851754
0 58 0.5 2844449 2851754
1 62 0.63 2844449 2851754
0 46 0.5 2851799 2859104
0 58 0.5 2851799 2859104
1 62 0.63 2851799 2859104
0 44 0.5 2859149 2866454
0 56 0.5 2859149 2866454
1 60 0.63 2859149 2866454
0 65 0.5 2844449 2882991
1 62 0.63 2866499 2882991
0 70 0.5 2883037 2888504
0 46 0.5 2866499 2888504
0 58 0.5 2866499 2888504
1 62 0.63 2883037 2888504
0 70 0.5 2888549 2894016
1 62 0.63 2888549 2894016
0 72 0.5 2894062 2899529
1 63 0.63 2894062 2899529
0 74 0.5 2899574 2905041
1 65 0.63 2899574 2905041
0 75 0.5 2905087 2910554
0 46 0.5 2888549 2910554
0 58 0.5 2888549 2910554
1 67 0.63 2905087 2910554
1 46 0.5 2888549 2910554
1 68 0.63 2910599 2927091
0 44 0.63 2910599 2932604
0 56 0.5 2910599 2932604
1 70 0.63 2927137 2932604
1 70 0.63 2932649 2938116
0 44 0.5 2932649 2939954
0 56 0.5 2932649 2939954
1 72 0.63 2938162 2943629
0 44 0.5 2939999 2947304
0 56 0.5 2939999 2947304
1 74 0.63 2943674 2949141
0 77 0.5 2910599 2954654
0 42 0.5 2947349 2954654
0 54 0.5 2947349 2954654
1 75 0.63 2949187 2954654
0 77 0.5 2965724 2976704
0 44 0.5 2954699 2976704
0 56 0.5 2954699 2976704
1 77 0.5 2965724 2976704
0 77 0.5 2976749 2984054
1 68 0.63 2976749 2984054
0 78 0.5 2984099 2991404
1 70 0.63 2984099 2991404
0 80 0.5 2991449 2998754
0 44 0.5 2976749 2998754
0 56 0.5 2976749 2998754
1 72 0.63 2991449 2998754
1 44 0.5 2976749 2998754
0 42 0.63 2998799 3020804
0 54 0.5 2998799 3020804
0 42 0.5 3020849 3028154
0 54 0.5 3020849 3028154
0 42 0.5 3028199 3035504
0 54 0.5 3028199 3035504
0 82 0.5 2998799 3042854
0 40 0.5 3035549 3042854
0 52 0.5 3035549 3042854
1 73 0.63 2998799 3042854
0 42 0.5 3042899 3064904
0 54 0.5 3042899 3064904
0 85 0.5 3064949 3086954
0 42 0.5 3064949 3086954
0 54 0.5 3064949 3086954
1 76 0.63 3064949 3086954
1 79 0.63 3064949 3086954
1 42 0.5 3064949 3086954
0 84 0.5 3086999 3109004
0 41 0.63 3086999 3109004
0 53 0.5 3086999 3109004
1 75 0.63 3086999 3109004
1 77 0.63 3086999 3109004
0 41 0.5 3109049 3116354
0 53 0.5 3109049 3116354
0 41 0.5 3116399 3123704
0 53 0.5 3116399 3123704
0 81 0.5 3109049 3131054
0 39 0.5 3123749 3131054
0 51 0.5 3123749 3131054
1 72 0.63 3109049 3131054
1 75 0.63 3109049 3131054
0 41 0.5 3131099 3153104
0 53 0.5 3131099 3153104
0 77 0.5 3153149 3175154
0 41 0.5 3153149 3175154
0 53 0.5 3153149 3175154
1 69 0.63 3153149 3175154
1 72 0.63 3153149 3175154
1 41 0.5 3153149 3175154
0 40 0.63 3175199 3182504
0 46 0.5 3182549 3189854
0 49 0.5 3189899 3197204
0 52 0.5 3197249 3204554
0 58 0.5 3204599 3211904
0 78 0.63 3175199 3219254
0 61 0.5 3211949 3219254
1 70 0.63 3175199 3219254
1 78 0.63 3175199 3219254
0 64 0.5 3219299 3241304
0 82 0.5 3241349 3263354
1 72 0.63 3241349 3263354
1 75 0.63 3241349 3263354
1 78 0.63 3241349 3263354
1 40 0.63 3175199 3263354
0 81 0.5 3263399 3285404
0 53 0.63 3263399 3285404
0 65 0.5 3263399 3285404
1 72 0.63 3263399 3285404
1 77 0.63 3263399 3285404
0 41 0.5 3285449 3292754
0 53 0.5 3285449 3292754
0 41 0.5 3292799 3300104
0 53 0.5 3292799 3300104
0 77 0.5 3285449 3307454
0 41 0.5 3300149 3307454
0 53 0.5 3300149 3307454
1 69 0.63 3285449 3307454
1 72 0.63 3285449 3307454
0 41 0.5 3307499 3329504
0 53 0.5 3307499 3329504
0 77 0.5 3329549 3351554
1 69 0.63 3329549 3351554
1 72 0.63 3329549 3351554
1 53 0.5 3307499 3351554
0 40 0.63 3351599 3358904
0 46 0.5 3358949 3366254
0 49 0.5 3366299 3373604
0 52 0.5 3373649 3380954
0 58 0.5 3380999 3388304
0 78 0.63 3351599 3395654
0 61 0.5 3388349 3395654
1 70 0.63 3351599 3395654
1 78 0.63 3351599 3395654
0 64 0.5 3395699 3417704
0 82 0.5 3417749 3439754
1 72 0.63 3417749 3439754
1 75 0.63 3417749 3439754
1 78 0.63 3417749 3439754
1 40 0.63 3351599 3439754
0 81 0.5 3439799 3461804
0 53 0.63 3439799 3461804
0 65 0.5 3439799 3461804
1 72 0.63 3439799 3461804
1 77 0.63 3439799 3461804
0 41 0.5 3461849 3469154
0 53 0.5 3461849 3469154
0 41 0.5 3469199 3476504
0 53 0.5 3469199 3476504
0 77 0.5 3461849 3483854
0 41 0.5 3476549 3483854
0 53 0.5 3476549 3483854
1 69 0.63 3461849 3483854
1 72 0.63 3461849 3483854
0 41 0.5 3483899 3505904
0 53 0.5 3483899 3505904
0 74 0.5 3505949 3527954
1 69 0.63 3505949 3527954
1 72 0.63 3505949 3527954
1 53 0.5 3483899 3527954
0 47 0.63 3527999 3550004
0 59 0.5 3527999 3550004
0 47 0.5 3550049 3557354
0 59 0.5 3550049 3557354
0 47 0.5 3557399 3564704
0 59 0.5 3557399 3564704
0 75 0.63 3527999 3572054
0 46 0.5 3564749 3572054
0 58 0.5 3564749 3572054
1 66 0.63 3527999 3572054
1 75 0.63 3527999 3572054
0 47 0.5 3572099 3594104
0 59 0.5 3572099 3594104
0 47 0.5 3594149 3601454
0 59 0.5 3594149 3601454
0 47 0.5 3601499 3608804
0 59 0.5 3601499 3608804
0 78 0.5 3594149 3616154
0 47 0.5 3608850 3616154
0 59 0.5 3608850 3616154
1 71 0.63 3594149 3616154
1 75 0.63 3594149 3616154
1 47 0.5 3608850 3616154
0 77 0.5 3616200 3638204
0 46 0.63 3616200 3638204
0 58 0.5 3616200 3638204
1 70 0.63 3616200 3638204
1 74 0.63 3616200 3638204
0 46 0.5 3638250 3645554
0 58 0.5 3638250 3645554
0 46 0.5 3645600 3652904
0 58 0.5 3645600 3652904
0 73 0.63 3638250 3660254
0 44 0.5 3652950 3660254
0 56 0.5 3652950 3660254
1 65 0.63 3638250 3660254
1 73 0.63 3638250 3660254
0 46 0.5 3660300 3682304
0 58 0.5 3660300 3682304
0 46 0.5 3682350 3689654
0 58 0.5 3682350 3689654
0 46 0.5 3689700 3697004
0 58 0.5 3689700 3697004
0 70 0.5 3682350 3704354
0 46 0.5 3697050 3704354
0 58 0.5 3697050 3704354
1 61 0.63 3682350 3704354
1 65 0.63 3682350 3704354
1 46 0.5 3697050 3704354
0 72 0.63 3704400 3715379
0 72 0.5 3715425 3720891
0 74 0.5 3720937 3726404
0 48 0.63 3704400 3726404
0 60 0.5 3704400 3726404
1 64 0.63 3704400 3726404
1 72 0.5 3715425 3726404
0 48 0.5 3726450 3733754
0 60 0.5 3726450 3733754
1 64 0.63 3726450 3737429
0 48 0.5 3733800 3741104
0 60 0.5 3733800 3741104
1 64 0.63 3737475 3742941
0 76 0.5 3726450 3748454
0 47 0.5 3741150 3748454
0 59 0.5 3741150 3748454
1 65 0.63 3742987 3748454
1 67 0.63 3748500 3759479
1 67 0.63 3759525 3764991
0 48 0.5 3748500 3770504
0 60 0.5 3748500 3770504
1 69 0.63 3765037 3770504
0 48 0.5 3770550 3777854
0 60 0.5 3770550 3777854
1 70 0.63 3770550 3781529
0 48 0.5 3777900 3785204
0 60 0.5 3777900 3785204
0 79 0.5 3770550 3792554
0 48 0.5 3785250 3792554
0 60 0.5 3785250 3792554
1 72 0.63 3781575 3792554
1 48 0.5 3785250 3792554
0 77 0.5 3792600 3803579
1 69 0.63 3792600 3803579
0 65 0.5 3803625 3809091
1 57 0.63 3803625 3809091
0 65 0.5 3809137 3814604
0 41 0.63 3792600 3814604
0 53 0.5 3792600 3814604
1 57 0.63 3809137 3814604
0 65 0.5 3814650 3825629
1 57 0.63 3814650 3825629
0 65 0.5 3825675 3831141
1 57 0.63 3825675 3831141
0 65 0.5 3831187 3836654
0 41 0.5 3814650 3836654
0 53 0.5 3814650 3836654
1 57 0.63 3831187 3836654
0 65 0.5 3836700 3847679
1 57 0.63 3836700 3847679
0 65 0.5 3847725 3853191
1 57 0.63 3847725 3853191
0 65 0.5 3853237 3858704
0 41 0.5 3836700 3858704
0 53 0.5 3836700 3858704
1 57 0.63 3853237 3858704
0 65 0.5 3858750 3869729
0 43 0.5 3858750 3869729
0 55 0.5 3858750 3869729
1 57 0.63 3858750 3869729
0 65 0.5 3869775 3880754
0 45 0.5 3869775 3880754
0 57 0.63 3869775 3880754
1 57 0.63 3869775 3880754
1 41 0.5 3836700 3880754
0 62 0.63 3880800 3968954
0 70 0.63 3880800 3968954
0 46 0.63 3880800 3968954
0 58 0.5 3880800 3968954
1 62 0.63 3880800 3968954
1 70 0.63 3880800 3968954
1 46 0.63 3880800 3968954
